{
  "antenna_id": "antenna_1",
  "feed_id": "x_band",
  "frequency_mhz": 8400.0,
  "grid": {
    "grid_type": "rectangular",
    "azimuth_values": [0.0, 1.0, 2.0, 3.0, 4.0, 5.0, 6.0, 7.0, 8.0, 9.0, 10.0],
    "elevation_values": [0.0, 1.0, 2.0, 3.0, 4.0, 5.0, 6.0, 7.0, 8.0, 9.0, 10.0],
    "loss_matrix": [
      [0.0, 0.1, 0.3, 0.6, 1.0, 1.5, 2.1, 2.8, 3.6, 4.5, 5.5],
      [0.1, 0.2, 0.4, 0.7, 1.1, 1.6, 2.2, 2.9, 3.7, 4.6, 5.6],
      [0.3, 0.4, 0.6, 0.9, 1.3, 1.8, 2.4, 3.1, 3.9, 4.8, 5.8],
      [0.6, 0.7, 0.9, 1.2, 1.6, 2.1, 2.7, 3.4, 4.2, 5.1, 6.1],
      [1.0, 1.1, 1.3, 1.6, 2.0, 2.5, 3.1, 3.8, 4.6, 5.5, 6.5],
      [1.5, 1.6, 1.8, 2.1, 2.5, 3.0, 3.6, 4.3, 5.1, 6.0, 7.0],
      [2.1, 2.2, 2.4, 2.7, 3.1, 3.6, 4.2, 4.9, 5.7, 6.6, 7.6],
      [2.8, 2.9, 3.1, 3.4, 3.8, 4.3, 4.9, 5.6, 6.4, 7.3, 8.3],
      [3.6, 3.7, 3.9, 4.2, 4.6, 5.1, 5.7, 6.4, 7.2, 8.1, 9.1],
      [4.5, 4.6, 4.8, 5.1, 5.5, 6.0, 6.6, 7.3, 8.1, 9.0, 10.0],
      [5.5, 5.6, 5.8, 6.1, 6.5, 7.0, 7.6, 8.3, 9.1, 10.0, 11.0]
    ]
  },
  "warnings": [],
  "metadata": {
    "points_evaluated": 121,
    "computation_time_ms": 1850.5,
    "peak_gain_db": 60.0,
    "parallel_processing": true
  }
}
